62411163
62411068
59789462
59789452
58784847
1089676812
1072319439
1072319439
1072319438
1072319437
1072319436
1072319434
1072319432
1072319431
1072319430
1072319428
1072319427
1072319425
1072319422
1072319422
1072319419
1072319417
1072319414
1072319413
1072319412
1072319410
1072319408
1072319407
1072319406
1072319405
1072319404
1072319403
1072319402
1072319401
1032319399
1032319398
1032319397
1032319396
1032319395
1032319394
1032319393
1032319391
1032319390
1032319388
1032319387
1032319386
1032319383
1032319382
1012319378
1012319377
1012319376
1012319375
1012319373
1012319372
1012319370
1012319369
1012319366
1012319365
1012319363
1012319360
1002319359
1002319358
1002319357
1002319354
1002319353
1002319352
1002319350
1002319349
1002319347
1002319345
1002319344
1002319342
1002319341
10023193401002319340
1002319339
1002319337
1002319335
1002319333
1002319334
1002319331
1002319328
1002319327
1002319326
1002319322
1002319319
1002319317
1002319316
1002319307
1002319305
1002319304
1002319302
1002319301
1002309299
1002309296
1002309282
972309260
972309240
972309238
972309239
972309237
972309236
972309235
972309233
972309232
972309231
972309230
972309229
972309227
972309225
972309223
972309222
962309215
962309214
962309213
962309212
962309211
962309210
962309209
962309208
962309207
962309206
962309205
962309204
962309203
962309202
162309193
162309154
162309129
162309117
162309064
162309051
162309048
162309026
162309010
162309006
162308984
162308963
162308952
162308919
162308914
152308913
152308905
152308898
152308897
152308882
152308878
142308878
142308875
132308857
112308814
112308790
112308786
